"Subj" "cond" "run" "rew" "cue" "acc_diff" "rt_diff"
0 1 1 1 1 25 145.916666666667
1 1 1 1 1 29.1666666666667 -26.4705882352941
2 1 1 1 1 -8.33333333333334 -1.62352941176459
3 1 1 1 1 40 22.8194444444443
4 1 1 1 1 41.6666666666667 -83.1428571428571
6 1 1 1 1 4.16666666666666 51.25
7 1 1 1 1 8.33333333333334 -22.465909090909
8 1 1 1 1 13.0434782608696 -84.05
9 1 1 1 1 4.16666666666666 -15.4130434782608
11 1 1 1 1 16.6666666666667 -122.142857142857
13 1 1 1 1 16.6666666666667 43.475
14 1 1 1 1 0 -184
15 1 1 1 1 35.3260869565217 111.202380952381
17 1 1 1 1 0 16
18 1 1 1 1 0 -152.5
20 1 1 1 1 2.17391304347826 104.5
21 1 1 1 1 3.57142857142857 -340.233333333333
24 1 1 1 1 8.33333333333334 -188.477272727273
26 1 1 1 1 16.6666666666667 -166.44537815126
27 1 1 1 1 0 -167.916666666667
28 1 1 1 1 12.5 -19.9821428571429
29 1 1 1 1 20.8333333333333 -7.76315789473688
30 1 1 1 1 20.8333333333333 -75.3684210526317
31 1 1 1 1 8.33333333333334 -132.193181818182
32 1 1 1 1 0 33.3888888888889
33 1 1 1 1 20.8333333333333 45.6315789473683
34 1 1 1 1 12.5 -118.833333333333
35 1 1 1 1 21.7391304347826 -54.7638888888889
36 1 1 1 1 20.8333333333333 -120.118421052632
37 1 1 1 1 37.5 -42.4083333333333
0 1 2 1 1 25 48.4166666666667
1 1 2 1 1 29.1666666666667 -74.9705882352941
2 1 2 1 1 4.16666666666666 7.17647058823536
3 1 2 1 1 27.5 -41.5555555555557
4 1 2 1 1 41.6666666666667 -72.2678571428571
6 1 2 1 1 4.16666666666666 -15.25
7 1 2 1 1 8.33333333333334 -106.465909090909
8 1 2 1 1 13.0434782608696 -192.3
9 1 2 1 1 4.16666666666666 -139.913043478261
11 1 2 1 1 41.6666666666667 -301.392857142857
13 1 2 1 1 16.6666666666667 -3.27499999999998
14 1 2 1 1 0 -109.25
15 1 2 1 1 35.3260869565217 -14.797619047619
17 1 2 1 1 25 -110.791666666667
18 1 2 1 1 0 -222.875
20 1 2 1 1 2.17391304347826 -82.25
21 1 2 1 1 28.5714285714286 -337.9
24 1 2 1 1 8.33333333333334 -168.102272727273
26 1 2 1 1 4.16666666666666 -88.0882352941176
27 1 2 1 1 0 -243.416666666667
28 1 2 1 1 12.5 -156.482142857143
29 1 2 1 1 20.8333333333333 -48.5131578947369
30 1 2 1 1 20.8333333333333 -104.868421052632
31 1 2 1 1 8.33333333333334 -158.318181818182
32 1 2 1 1 12.5 128.412698412699
33 1 2 1 1 20.8333333333333 -17.9398496240603
34 1 2 1 1 12.5 -149.833333333333
35 1 2 1 1 -3.26086956521739 -149.388888888889
36 1 2 1 1 20.8333333333333 -268.743421052632
37 1 2 1 1 37.5 -40.1583333333333
0 1 3 1 1 25 -6.45833333333326
1 1 3 1 1 29.1666666666667 -57.2205882352941
2 1 3 1 1 16.6666666666667 -144.109243697479
3 1 3 1 1 40 -51.0555555555557
4 1 3 1 1 41.6666666666667 -87.5178571428571
6 1 3 1 1 4.16666666666666 16.75
7 1 3 1 1 8.33333333333334 -4.84090909090901
8 1 3 1 1 13.0434782608696 -184.3
9 1 3 1 1 4.16666666666666 -192.163043478261
11 1 3 1 1 16.6666666666667 -236.809523809524
13 1 3 1 1 16.6666666666667 -79.025
14 1 3 1 1 0 -82.125
15 1 3 1 1 47.8260869565217 25.0416666666667
17 1 3 1 1 25 -347.166666666667
18 1 3 1 1 0 -224.125
20 1 3 1 1 14.6739130434783 -112.4
21 1 3 1 1 28.5714285714286 -415.15
24 1 3 1 1 8.33333333333334 -188.727272727273
26 1 3 1 1 29.1666666666667 -205.338235294118
27 1 3 1 1 0 -292.666666666667
28 1 3 1 1 12.5 -173.107142857143
29 1 3 1 1 8.33333333333334 -122.691729323308
30 1 3 1 1 8.33333333333334 -19.9398496240603
31 1 3 1 1 8.33333333333334 -42.9431818181818
32 1 3 1 1 12.5 186.126984126984
33 1 3 1 1 20.8333333333333 132.131578947368
34 1 3 1 1 37.5 -185.375
35 1 3 1 1 9.23913043478261 -114.031746031746
36 1 3 1 1 20.8333333333333 -167.868421052632
37 1 3 1 1 23.2142857142857 -152.366666666667
0 1 4 1 1 25 83.5416666666667
1 1 4 1 1 29.1666666666667 -44.4705882352941
2 1 4 1 1 16.6666666666667 -142.823529411765
3 1 4 1 1 27.5 -223.84126984127
4 1 4 1 1 41.6666666666667 -58.1428571428571
6 1 4 1 1 4.16666666666666 -107.125
7 1 4 1 1 8.33333333333334 -102.215909090909
8 1 4 1 1 13.0434782608696 -356.175
9 1 4 1 1 4.16666666666666 -192.663043478261
11 1 4 1 1 41.6666666666667 -334.267857142857
13 1 4 1 1 16.6666666666667 46.1
14 1 4 1 1 0 -181.125
15 1 4 1 1 35.3260869565217 -175.083333333333
17 1 4 1 1 25 -236.416666666667
18 1 4 1 1 0 -168.125
20 1 4 1 1 27.1739130434783 -52.5
21 1 4 1 1 16.0714285714286 -511.685714285714
24 1 4 1 1 8.33333333333334 -232.977272727273
26 1 4 1 1 29.1666666666667 -237.463235294118
27 1 4 1 1 0 -276.416666666667
28 1 4 1 1 12.5 -130.107142857143
29 1 4 1 1 20.8333333333333 -114.263157894737
30 1 4 1 1 20.8333333333333 -55.9934210526317
31 1 4 1 1 8.33333333333334 -30.3181818181818
32 1 4 1 1 0 241.555555555556
33 1 4 1 1 8.33333333333334 -109.654135338346
34 1 4 1 1 37.5 -282.125
35 1 4 1 1 21.7391304347826 -143.638888888889
36 1 4 1 1 8.33333333333334 -215.796992481203
37 1 4 1 1 37.5 -130.908333333333
0 2 1 1 2 0 50.8333333333333
1 2 1 1 2 12.5 53.968253968254
2 2 1 1 2 -8.57142857142857 12.625
3 2 1 1 2 0 20.3333333333333
4 2 1 1 2 0 36.8888888888889
6 2 1 1 2 4.16666666666666 -20.7
7 2 1 1 2 0 153.541666666667
8 2 1 1 2 8.33333333333334 -117.708333333333
9 2 1 1 2 16.6666666666667 -128.985714285714
11 2 1 1 2 8.33333333333334 75.2083333333333
13 2 1 1 2 0 22.25
14 2 1 1 2 -1.13636363636363 192.742857142857
15 2 1 1 2 -33.3333333333333 124.928571428571
17 2 1 1 2 -33.3333333333333 -250.15
18 2 1 1 2 -23.8095238095238 -77.75
20 2 1 1 2 -21.4285714285714 394.166666666667
21 2 1 1 2 2.27272727272727 -144.375
24 2 1 1 2 0 29.0833333333333
26 2 1 1 2 18.1818181818182 -104.472222222222
27 2 1 1 2 0 -104.5
28 2 1 1 2 4.16666666666666 82.4857142857144
29 2 1 1 2 -8.33333333333334 -233.857142857143
30 2 1 1 2 -16.6666666666667 -96.75
31 2 1 1 2 0 -84.5
32 2 1 1 2 16.6666666666667 -92.7249999999999
33 2 1 1 2 -12.5 49.952380952381
34 2 1 1 2 4.16666666666666 -51.0714285714287
35 2 1 1 2 -29.1666666666667 -12.0181818181819
36 2 1 1 2 27.3809523809524 141.5
37 2 1 1 2 0 58.375
0 2 2 1 2 -12.5 -43.5999999999999
1 2 2 1 2 25 94.2361111111111
2 2 2 1 2 5.71428571428571 -40.0416666666667
3 2 2 1 2 8.33333333333334 -3.90000000000009
4 2 2 1 2 0 45.3888888888889
6 2 2 1 2 2.38095238095237 -24.8666666666668
7 2 2 1 2 0 -131.166666666667
8 2 2 1 2 33.3333333333333 24.375
9 2 2 1 2 4.16666666666666 -82.5571428571429
11 2 2 1 2 -4.16666666666666 -78.7249999999999
13 2 2 1 2 0 -9.25
14 2 2 1 2 -13.6363636363636 -40.3571428571429
15 2 2 1 2 -15.4761904761905 -310.571428571429
17 2 2 1 2 -11.9047619047619 -162.1
18 2 2 1 2 4.76190476190477 33.45
20 2 2 1 2 12.5 218.266666666667
21 2 2 1 2 27.2727272727273 -122.75
24 2 2 1 2 -37.5 -41.0666666666668
26 2 2 1 2 18.1818181818182 -273.222222222222
27 2 2 1 2 0 11.375
28 2 2 1 2 16.6666666666667 105.325
29 2 2 1 2 -8.33333333333334 -231.107142857143
30 2 2 1 2 -16.6666666666667 35
31 2 2 1 2 0 -48.625
32 2 2 1 2 4.16666666666666 44.257142857143
33 2 2 1 2 0 69.9166666666667
34 2 2 1 2 -8.33333333333334 -165.833333333333
35 2 2 1 2 -20.2380952380952 235.781818181818
36 2 2 1 2 -1.1904761904762 -165.75
37 2 2 1 2 -14.2857142857143 277.333333333333
0 2 3 1 2 -32.1428571428571 -91.6666666666667
1 2 3 1 2 25 64.1111111111111
2 2 3 1 2 5.71428571428571 27.2916666666667
3 2 3 1 2 12.5 -111.071428571429
4 2 3 1 2 0 -39.4444444444445
6 2 3 1 2 -8.33333333333334 -71.5333333333333
7 2 3 1 2 0 -59.2619047619046
8 2 3 1 2 20.8333333333333 -118.446428571429
9 2 3 1 2 16.6666666666667 83.425
11 2 3 1 2 -4.16666666666666 -122.125
13 2 3 1 2 0 2.625
14 2 3 1 2 -1.13636363636363 39.742857142857
15 2 3 1 2 4.16666666666666 -163.571428571429
17 2 3 1 2 -11.9047619047619 -1.70000000000005
18 2 3 1 2 8.33333333333334 24.0833333333333
20 2 3 1 2 0 -30
21 2 3 1 2 27.2727272727273 -244.625
24 2 3 1 2 -12.5 -58.952380952381
26 2 3 1 2 18.1818181818182 -150.793650793651
27 2 3 1 2 0 -78.25
28 2 3 1 2 -8.33333333333334 -66.8
29 2 3 1 2 -8.33333333333334 -260.857142857143
30 2 3 1 2 20.8333333333333 45.0714285714287
31 2 3 1 2 0 52
32 2 3 1 2 -20.8333333333333 423.6
33 2 3 1 2 0 89.7916666666667
34 2 3 1 2 -8.33333333333334 -167.666666666667
35 2 3 1 2 -29.1666666666667 2.58181818181811
36 2 3 1 2 29.1666666666667 183.857142857143
37 2 3 1 2 -16.6666666666667 415.5
0 2 4 1 2 -12.5 -25.8
1 2 4 1 2 12.5 167.539682539682
2 2 4 1 2 20 174.053571428571
3 2 4 1 2 12.5 -92.0714285714287
4 2 4 1 2 0 -31.2777777777778
6 2 4 1 2 16.6666666666667 133.425
7 2 4 1 2 -12.5 -35.9761904761904
8 2 4 1 2 33.3333333333333 -148.375
9 2 4 1 2 16.6666666666667 68.425
11 2 4 1 2 8.33333333333334 -135.125
13 2 4 1 2 0 10.125
14 2 4 1 2 -1.13636363636363 36.5428571428572
15 2 4 1 2 16.6666666666667 -51.9047619047619
17 2 4 1 2 -8.33333333333334 98.7666666666667
18 2 4 1 2 33.3333333333333 271.25
20 2 4 1 2 -7.14285714285715 -26.3333333333334
21 2 4 1 2 27.2727272727273 -107.875
24 2 4 1 2 -25 -109.5
26 2 4 1 2 18.1818181818182 -80.7222222222222
27 2 4 1 2 -12.5 -64.9642857142857
28 2 4 1 2 16.6666666666667 26.2
29 2 4 1 2 16.6666666666667 -12.8571428571429
30 2 4 1 2 20.8333333333333 35.3571428571429
31 2 4 1 2 0 16.625
32 2 4 1 2 16.6666666666667 135.275
33 2 4 1 2 -12.5 -35.3333333333333
34 2 4 1 2 4.16666666666666 -79.9285714285713
35 2 4 1 2 8.33333333333334 311.181818181818
36 2 4 1 2 16.6666666666667 26.6666666666667
37 2 4 1 2 0 163.25
0 3 1 2 1 0 154.70652173913
1 3 1 2 1 0 -102.833333333333
2 3 1 2 1 7.5 -9.57142857142867
3 3 1 2 1 5.55555555555556 -250.294117647059
4 3 1 2 1 0 -207.375
6 3 1 2 1 4.16666666666666 -67.5326086956522
7 3 1 2 1 4.16666666666666 -65.2771739130435
8 3 1 2 1 4.16666666666666 -90.445652173913
9 3 1 2 1 4.16666666666666 -145.842391304348
11 3 1 2 1 8.33333333333334 -151.187969924812
13 3 1 2 1 -4.16666666666666 141.087719298246
14 3 1 2 1 16.6666666666667 -194.925
15 3 1 2 1 16.6666666666667 -263.275
17 3 1 2 1 20.8333333333333 -103.858974358974
18 3 1 2 1 0 -72.4583333333334
20 3 1 2 1 -12.5 63.7878787878788
21 3 1 2 1 21.7391304347826 -32.8333333333333
24 3 1 2 1 -12.5 -0.589285714285779
26 3 1 2 1 21.7391304347826 -119.611111111111
27 3 1 2 1 4.16666666666666 -106.472826086957
28 3 1 2 1 4.16666666666666 87.3097826086956
29 3 1 2 1 0 -54.5
30 3 1 2 1 12.5 -48.9583333333334
31 3 1 2 1 0 -209.416666666667
32 3 1 2 1 27.2727272727273 -3.5625
33 3 1 2 1 4.16666666666666 -6.13043478260875
34 3 1 2 1 16.6666666666667 -112.8
35 3 1 2 1 4.89130434782609 98.6315789473683
36 3 1 2 1 8.33333333333334 -125.602272727273
37 3 1 2 1 29.1666666666667 -108.85294117647
0 3 2 2 1 0 31.0815217391304
1 3 2 2 1 0 -195.458333333333
2 3 2 2 1 20 -64.25
3 3 2 2 1 5.55555555555556 -47.0441176470588
4 3 2 2 1 0 -116.5
6 3 2 2 1 4.16666666666666 30.0923913043478
7 3 2 2 1 4.16666666666666 28.5978260869565
8 3 2 2 1 4.16666666666666 -169.195652173913
9 3 2 2 1 4.16666666666666 -223.967391304348
11 3 2 2 1 20.8333333333333 -231.223684210526
13 3 2 2 1 8.33333333333334 153.563909774436
14 3 2 2 1 16.6666666666667 -268.925
15 3 2 2 1 16.6666666666667 -234.525
17 3 2 2 1 45.8333333333333 -141.317307692308
18 3 2 2 1 0 -37.5833333333334
20 3 2 2 1 50 56.7045454545455
21 3 2 2 1 21.7391304347826 -112.708333333333
24 3 2 2 1 0 -166
26 3 2 2 1 21.7391304347826 -78.6111111111111
27 3 2 2 1 4.16666666666666 -110.472826086957
28 3 2 2 1 4.16666666666666 0.934782608695627
29 3 2 2 1 0 -123.75
30 3 2 2 1 12.5 0.291666666666629
31 3 2 2 1 0 -138.041666666667
32 3 2 2 1 27.2727272727273 40.4375
33 3 2 2 1 4.16666666666666 90.3695652173913
34 3 2 2 1 16.6666666666667 -131.3
35 3 2 2 1 17.3913043478261 15.8815789473683
36 3 2 2 1 8.33333333333334 -277.852272727273
37 3 2 2 1 16.6666666666667 -16.3529411764705
0 3 3 2 1 0 159.70652173913
1 3 3 2 1 0 -145.208333333333
2 3 3 2 1 20 -40.375
3 3 3 2 1 5.55555555555556 -356.044117647059
4 3 3 2 1 0 -258.375
6 3 3 2 1 4.16666666666666 -131.032608695652
7 3 3 2 1 4.16666666666666 -125.152173913043
8 3 3 2 1 4.16666666666666 -303.570652173913
9 3 3 2 1 4.16666666666666 -222.092391304348
11 3 3 2 1 -4.16666666666666 -265.140350877193
13 3 3 2 1 -4.16666666666666 84.421052631579
14 3 3 2 1 16.6666666666667 -308.175
15 3 3 2 1 16.6666666666667 -227.65
17 3 3 2 1 33.3333333333333 -210.406593406593
18 3 3 2 1 0 -76.8333333333334
20 3 3 2 1 50 170.329545454545
21 3 3 2 1 21.7391304347826 -281.458333333333
24 3 3 2 1 0 -117.375
26 3 3 2 1 21.7391304347826 -286.486111111111
27 3 3 2 1 4.16666666666666 -159.597826086957
28 3 3 2 1 4.16666666666666 -51.6902173913044
29 3 3 2 1 0 -69.375
30 3 3 2 1 12.5 37.0416666666666
31 3 3 2 1 0 -253.791666666667
32 3 3 2 1 27.2727272727273 24.9375
33 3 3 2 1 4.16666666666666 2.11956521739125
34 3 3 2 1 16.6666666666667 -154.675
35 3 3 2 1 17.3913043478261 -127.993421052632
36 3 3 2 1 8.33333333333334 -285.977272727273
37 3 3 2 1 29.1666666666667 -74.4957983193276
0 3 4 2 1 0 9.45652173913038
1 3 4 2 1 0 -173.583333333333
2 3 4 2 1 7.5 95.1428571428571
3 3 4 2 1 5.55555555555556 -296.044117647059
4 3 4 2 1 0 -212.25
6 3 4 2 1 4.16666666666666 -222.157608695652
7 3 4 2 1 4.16666666666666 -237.527173913043
8 3 4 2 1 4.16666666666666 -371.320652173913
9 3 4 2 1 4.16666666666666 -208.342391304348
11 3 4 2 1 20.8333333333333 -193.098684210526
13 3 4 2 1 -4.16666666666666 49.421052631579
14 3 4 2 1 16.6666666666667 -301.05
15 3 4 2 1 16.6666666666667 -299.775
17 3 4 2 1 45.8333333333333 -185.442307692308
18 3 4 2 1 0 -68.5833333333334
20 3 4 2 1 37.5 121.597402597403
21 3 4 2 1 21.7391304347826 -319.958333333333
24 3 4 2 1 0 -132.625
26 3 4 2 1 21.7391304347826 -333.986111111111
27 3 4 2 1 4.16666666666666 -105.347826086957
28 3 4 2 1 4.16666666666666 -143.440217391304
29 3 4 2 1 0 -134.625
30 3 4 2 1 12.5 48.2916666666666
31 3 4 2 1 0 -153.916666666667
32 3 4 2 1 27.2727272727273 39.4375
33 3 4 2 1 4.16666666666666 33.1195652173913
34 3 4 2 1 16.6666666666667 -155.3
35 3 4 2 1 -20.1086956521739 -120.568421052632
36 3 4 2 1 8.33333333333334 -124.227272727273
37 3 4 2 1 29.1666666666667 -88.1029411764705
0 4 1 2 2 8.33333333333334 44.0227272727273
1 4 1 2 2 0 -93.7916666666667
2 4 1 2 2 -10 -92
3 4 1 2 2 12.5 -139.892857142857
4 4 1 2 2 0 -79.625
6 4 1 2 2 -16.6666666666667 -164
7 4 1 2 2 -4.28571428571429 -50.6666666666667
8 4 1 2 2 0 -49.5416666666667
9 4 1 2 2 0 42.75
11 4 1 2 2 25 -186.541666666667
13 4 1 2 2 -16.6666666666667 -68.2121212121212
14 4 1 2 2 12.5 -162.015873015873
15 4 1 2 2 8.33333333333334 -89.75
17 4 1 2 2 8.33333333333334 -8
18 4 1 2 2 8.33333333333334 9.55681818181824
20 4 1 2 2 -14.5454545454545 48.3333333333333
21 4 1 2 2 8.33333333333334 -173.625
24 4 1 2 2 12.5 -13.4761904761904
26 4 1 2 2 14.7727272727273 -54.3571428571429
27 4 1 2 2 0 -53.875
28 4 1 2 2 8.33333333333334 62.1931818181819
29 4 1 2 2 0 -89.8333333333333
30 4 1 2 2 8.33333333333334 64.4772727272727
31 4 1 2 2 0 -130
32 4 1 2 2 -4.16666666666666 88.2857142857142
33 4 1 2 2 16.6666666666667 -29.9749999999999
34 4 1 2 2 12.5 242.31746031746
35 4 1 2 2 -20.2380952380952 25.5636363636363
36 4 1 2 2 0 64.875
37 4 1 2 2 27.3809523809524 -19.7857142857142
0 4 2 2 2 8.33333333333334 -78.7272727272727
1 4 2 2 2 0 6.83333333333326
2 4 2 2 2 27.5 -34.4285714285713
3 4 2 2 2 12.5 52.1904761904761
4 4 2 2 2 -12.5 -12.3928571428571
6 4 2 2 2 20.8333333333333 200.428571428571
7 4 2 2 2 -2.5 56.1428571428571
8 4 2 2 2 0 -205.541666666667
9 4 2 2 2 0 101.625
11 4 2 2 2 12.5 -19.6666666666667
13 4 2 2 2 -29.1666666666667 -134.145454545455
14 4 2 2 2 12.5 -257.873015873016
15 4 2 2 2 20.8333333333333 -235.607142857143
17 4 2 2 2 -16.6666666666667 -264.75
18 4 2 2 2 8.33333333333334 -24.5681818181818
20 4 2 2 2 7.95454545454546 -74.8666666666668
21 4 2 2 2 8.33333333333334 -52.125
24 4 2 2 2 0 -60
26 4 2 2 2 27.2727272727273 -76.5
27 4 2 2 2 0 -54.25
28 4 2 2 2 -4.16666666666666 12.961038961039
29 4 2 2 2 0 -70.5833333333333
30 4 2 2 2 8.33333333333334 -7.39772727272725
31 4 2 2 2 -12.5 -219.75
32 4 2 2 2 8.33333333333334 143.625
33 4 2 2 2 -8.33333333333334 -90.4333333333332
34 4 2 2 2 12.5 54.7460317460318
35 4 2 2 2 8.33333333333334 112.863636363636
36 4 2 2 2 0 15.4285714285714
37 4 2 2 2 29.1666666666667 -53.8571428571429
0 4 3 2 2 -4.16666666666666 -43.2987012987014
1 4 3 2 2 0 -106.166666666667
2 4 3 2 2 2.5 29
3 4 3 2 2 12.5 -172.517857142857
4 4 3 2 2 0 -59.5
6 4 3 2 2 20.8333333333333 373.428571428571
7 4 3 2 2 10 26.625
8 4 3 2 2 0 -134.916666666667
9 4 3 2 2 0 8.625
11 4 3 2 2 12.5 -143.52380952381
13 4 3 2 2 8.33333333333334 -12.1704545454545
14 4 3 2 2 0 -255.111111111111
15 4 3 2 2 33.3333333333333 -152.375
17 4 3 2 2 -29.1666666666667 99.8333333333333
18 4 3 2 2 8.33333333333334 -82.8181818181818
20 4 3 2 2 -11.6883116883117 -64
21 4 3 2 2 -4.16666666666666 -225.285714285714
24 4 3 2 2 12.5 -96.3333333333333
26 4 3 2 2 14.7727272727273 -259.642857142857
27 4 3 2 2 0 -97.25
28 4 3 2 2 8.33333333333334 88.5681818181819
29 4 3 2 2 -25 -174.75
30 4 3 2 2 8.33333333333334 -3.77272727272725
31 4 3 2 2 -12.5 -62.8928571428571
32 4 3 2 2 -4.16666666666666 145.571428571429
33 4 3 2 2 16.6666666666667 -106.385714285714
34 4 3 2 2 12.5 119.31746031746
35 4 3 2 2 -4.16666666666666 39.9350649350649
36 4 3 2 2 0 247.875
37 4 3 2 2 8.33333333333332 13.4642857142858
0 4 4 2 2 8.33333333333334 -89.4772727272727
1 4 4 2 2 0 -53.0416666666667
2 4 4 2 2 6.66666666666666 51
3 4 4 2 2 12.5 -137.142857142857
4 4 4 2 2 0 6.5
6 4 4 2 2 19.0476190476191 79.8333333333333
7 4 4 2 2 10 -81.375
8 4 4 2 2 0 -273.666666666667
9 4 4 2 2 -12.5 100.392857142857
11 4 4 2 2 -12.5 -253.066666666667
13 4 4 2 2 8.33333333333334 -8.7954545454545
14 4 4 2 2 0 -146.777777777778
15 4 4 2 2 8.33333333333334 -287.75
17 4 4 2 2 -9.52380952380952 -185.75
18 4 4 2 2 8.33333333333334 3.80681818181824
20 4 4 2 2 -4.54545454545454 0.333333333333258
21 4 4 2 2 -4.16666666666666 -83.2857142857143
24 4 4 2 2 25 -42.4583333333333
26 4 4 2 2 27.2727272727273 -395.5
27 4 4 2 2 0 -132.5
28 4 4 2 2 8.33333333333334 118.693181818182
29 4 4 2 2 -12.5 -21.297619047619
30 4 4 2 2 -16.6666666666667 40.8939393939394
31 4 4 2 2 -12.5 -74.3214285714287
32 4 4 2 2 8.33333333333334 250.375
33 4 4 2 2 16.6666666666667 12.4714285714288
34 4 4 2 2 12.5 101.460317460318
35 4 4 2 2 -4.16666666666666 73.5064935064934
36 4 4 2 2 0 209.375
37 4 4 2 2 16.6666666666667 -136.119047619047
