"Subj" "cond" "rew" "cue" "group" "acc"
2 1 1 2 1 87.5
4 1 1 2 1 93.75
5 1 1 2 1 80
6 1 1 2 1 100
7 1 1 2 1 92.8571428571429
11 1 1 2 0 87.5
12 1 1 2 1 75
13 1 1 2 1 87.5
15 1 1 2 0 60
16 1 1 2 1 93.75
18 1 1 2 0 68.75
21 1 1 2 1 75
23 1 1 2 0 33.3333333333333
24 1 1 2 1 93.75
25 1 1 2 0 87.5
27 1 1 2 1 93.75
29 1 1 2 0 100
30 1 1 2 0 75
33 1 1 2 1 87.5
35 1 1 2 0 69.2307692307692
38 1 1 2 1 100
40 1 1 2 1 93.75
41 1 1 2 1 73.3333333333333
43 1 1 2 0 100
44 1 1 2 1 100
45 1 1 2 0 100
46 1 1 2 1 81.25
47 1 1 2 0 75
48 1 1 2 0 50
49 1 1 2 0 81.25
50 1 1 2 0 66.6666666666667
51 1 1 2 0 87.5
60 1 1 2 0 100
61 1 1 2 1 66.6666666666667
62 1 1 2 0 66.6666666666667
63 1 1 2 1 100
64 1 1 2 0 56.25
65 1 1 2 1 100
66 1 1 2 1 68.75
67 1 1 2 0 81.25
68 1 1 2 0 81.25
70 1 1 2 0 86.6666666666667
71 1 1 2 0 43.75
72 1 1 2 1 87.5
73 1 1 2 0 50
74 1 1 2 1 66.6666666666667
75 1 1 2 0 62.5
77 1 1 2 1 80
78 1 1 2 1 56.25
79 1 1 2 1 93.3333333333333
81 1 1 2 0 100
2 2 1 1 1 87.5
4 2 1 1 1 100
5 2 1 1 1 87.5
6 2 1 1 1 87.5
7 2 1 1 1 100
11 2 1 1 0 87.5
12 2 1 1 1 100
13 2 1 1 1 75
15 2 1 1 0 71.4285714285714
16 2 1 1 1 75
18 2 1 1 0 62.5
21 2 1 1 1 87.5
23 2 1 1 0 50
24 2 1 1 1 87.5
25 2 1 1 0 87.5
27 2 1 1 1 87.5
29 2 1 1 0 100
30 2 1 1 0 87.5
33 2 1 1 1 100
35 2 1 1 0 66.6666666666667
38 2 1 1 1 85.7142857142857
40 2 1 1 1 100
41 2 1 1 1 33.3333333333333
43 2 1 1 0 87.5
44 2 1 1 1 100
45 2 1 1 0 100
46 2 1 1 1 75
47 2 1 1 0 87.5
48 2 1 1 0 75
49 2 1 1 0 100
50 2 1 1 0 75
51 2 1 1 0 62.5
60 2 1 1 0 100
61 2 1 1 1 85.7142857142857
62 2 1 1 0 62.5
63 2 1 1 1 83.3333333333333
64 2 1 1 0 37.5
65 2 1 1 1 75
66 2 1 1 1 100
67 2 1 1 0 83.3333333333333
68 2 1 1 0 42.8571428571429
70 2 1 1 0 85.7142857142857
71 2 1 1 0 62.5
72 2 1 1 1 75
73 2 1 1 0 62.5
74 2 1 1 1 50
75 2 1 1 0 57.1428571428571
77 2 1 1 1 57.1428571428571
78 2 1 1 1 87.5
79 2 1 1 1 100
81 2 1 1 0 83.3333333333333
2 3 0 2 1 60
4 3 0 2 1 100
5 3 0 2 1 31.25
6 3 0 2 1 93.75
7 3 0 2 1 100
11 3 0 2 0 93.75
12 3 0 2 1 100
13 3 0 2 1 100
15 3 0 2 0 62.5
16 3 0 2 1 100
18 3 0 2 0 87.5
21 3 0 2 1 86.6666666666667
23 3 0 2 0 100
24 3 0 2 1 100
25 3 0 2 0 100
27 3 0 2 1 93.75
29 3 0 2 0 100
30 3 0 2 0 87.5
33 3 0 2 1 87.5
35 3 0 2 0 81.8181818181818
38 3 0 2 1 93.3333333333333
40 3 0 2 1 100
41 3 0 2 1 92.8571428571429
43 3 0 2 0 93.75
44 3 0 2 1 100
45 3 0 2 0 100
46 3 0 2 1 93.75
47 3 0 2 0 100
48 3 0 2 0 87.5
49 3 0 2 0 68.75
50 3 0 2 0 62.5
51 3 0 2 0 100
60 3 0 2 0 100
61 3 0 2 1 85.7142857142857
62 3 0 2 0 100
63 3 0 2 1 76.9230769230769
64 3 0 2 0 80
65 3 0 2 1 75
66 3 0 2 1 100
67 3 0 2 0 100
68 3 0 2 0 73.3333333333333
70 3 0 2 0 68.75
71 3 0 2 0 87.5
72 3 0 2 1 100
73 3 0 2 0 81.25
74 3 0 2 1 100
75 3 0 2 0 100
77 3 0 2 1 50
78 3 0 2 1 68.75
79 3 0 2 1 85.7142857142857
81 3 0 2 0 100
2 4 0 1 1 75
4 4 0 1 1 87.5
5 4 0 1 1 14.2857142857143
6 4 0 1 1 100
7 4 0 1 1 100
11 4 0 1 0 100
12 4 0 1 1 100
13 4 0 1 1 100
15 4 0 1 0 50
16 4 0 1 1 62.5
18 4 0 1 0 100
21 4 0 1 1 100
23 4 0 1 0 87.5
24 4 0 1 1 100
25 4 0 1 0 100
27 4 0 1 1 75
29 4 0 1 0 100
30 4 0 1 0 87.5
33 4 0 1 1 100
35 4 0 1 0 100
38 4 0 1 1 83.3333333333333
40 4 0 1 1 100
41 4 0 1 1 85.7142857142857
43 4 0 1 0 87.5
44 4 0 1 1 75
45 4 0 1 0 100
46 4 0 1 1 87.5
47 4 0 1 0 87.5
48 4 0 1 0 100
49 4 0 1 0 100
50 4 0 1 0 62.5
51 4 0 1 0 87.5
60 4 0 1 0 100
61 4 0 1 1 87.5
62 4 0 1 0 87.5
63 4 0 1 1 85.7142857142857
64 4 0 1 0 62.5
65 4 0 1 1 100
66 4 0 1 1 100
67 4 0 1 0 100
68 4 0 1 0 87.5
70 4 0 1 0 100
71 4 0 1 0 87.5
72 4 0 1 1 71.4285714285714
73 4 0 1 0 100
74 4 0 1 1 87.5
75 4 0 1 0 87.5
77 4 0 1 1 62.5
78 4 0 1 1 75
79 4 0 1 1 60
81 4 0 1 0 100
