"Subj"	"run"	"cond"	"rew"	"cue"	"group"	"sex"	"acc_diff"	"rt_diff"
2	1	1	1	2	1	2	12.5	-143.571428571429
4	1	1	1	2	1	2	6.25	-101.2
5	1	1	1	2	1	2	20	46.5
6	1	1	1	2	1	2	0	-122.625
7	1	1	1	2	1	2	7.14285714285714	-32.5769230769231
11	1	1	1	2	0	2	12.5	-256.767857142857
12	1	1	1	2	1	1	25	-13.4166666666667
13	1	1	1	2	1	2	-12.5	-9.54761904761904
15	1	1	1	2	0	2	-2.85714285714286	104.916666666667
16	1	1	1	2	1	2	6.25	-208.5
18	1	1	1	2	0	2	31.25	-38.0454545454545
21	1	1	1	2	1	2	25	-81.5416666666667
23	1	1	1	2	0	1	16.6666666666667	155.1
24	1	1	1	2	1	2	-6.25	-139.52380952381
25	1	1	1	2	0	2	12.5	-39.2857142857142
27	1	1	1	2	1	2	6.25	-210.25
29	1	1	1	2	0	1	0	-62.6875
30	1	1	1	2	0	2	0	-115
33	1	1	1	2	1	1	12.5	-180.839285714286
35	1	1	1	2	0	2	30.7692307692308	54.4722222222222
38	1	1	1	2	1	1	-12.5	-65.6160714285713
40	1	1	1	2	1	1	-8.03571428571429	-288.866666666667
41	1	1	1	2	1	2	26.6666666666667	-143.818181818182
43	1	1	1	2	0	2	0	-58.25
44	1	1	1	2	1	2	0	-221.75
45	1	1	1	2	0	1	0	-187.8125
46	1	1	1	2	1	1	6.25	-239.648351648352
47	1	1	1	2	0	2	25	77.6666666666667
48	1	1	1	2	0	2	25	-164.708333333333
49	1	1	1	2	0	1	18.75	-225
50	1	1	1	2	0	2	-16.6666666666667	-311.25
51	1	1	1	2	0	1	12.5	-333.767857142857
60	1	1	1	2	0	1	0	-276.375
61	1	1	1	2	1	1	33.3333333333333	-68.6500000000001
62	1	1	1	2	0	1	33.3333333333333	43.8499999999999
63	1	1	1	2	1	1	0	-165.576923076923
64	1	1	1	2	0	1	6.25	19.5111111111112
65	1	1	1	2	1	2	-12.5	-154.883928571429
66	1	1	1	2	1	1	16.9642857142857	-67.348484848485
67	1	1	1	2	0	2	6.25	-16.8131868131868
68	1	1	1	2	0	2	18.75	-223.932692307692
70	1	1	1	2	0	2	13.3333333333333	-150.211538461539
71	1	1	1	2	0	2	31.25	141.333333333333
72	1	1	1	2	1	2	12.5	-161.160714285714
73	1	1	1	2	0	2	37.5	-33.125
74	1	1	1	2	1	2	8.33333333333334	224.633333333333
75	1	1	1	2	0	1	37.5	-68.7750000000001
77	1	1	1	2	1	2	-8.57142857142857	-372.833333333333
78	1	1	1	2	1	2	43.75	-27.8571428571429
79	1	1	1	2	1	1	-5.83333333333333	-14.2142857142856
81	1	1	1	2	0	1	0	-58.2
2	2	1	1	2	1	2	12.5	-53.3214285714287
4	2	1	1	2	1	2	6.25	-161.45
5	2	1	1	2	1	2	20	-105
6	2	1	1	2	1	2	0	-131.25
7	2	1	1	2	1	2	7.14285714285714	-48.8269230769231
11	2	1	1	2	0	2	12.5	-164.517857142857
12	2	1	1	2	1	1	25	-172.166666666667
13	2	1	1	2	1	2	-12.5	-29.547619047619
15	2	1	1	2	0	2	2.5	84.6666666666667
16	2	1	1	2	1	2	6.25	-304.625
18	2	1	1	2	0	2	31.25	-151.420454545455
21	2	1	1	2	1	2	25	-126.541666666667
23	2	1	1	2	0	1	-8.33333333333333	-69.4000000000001
24	2	1	1	2	1	2	-6.25	-191.952380952381
25	2	1	1	2	0	2	12.5	-315.285714285714
27	2	1	1	2	1	2	6.25	-188.375
29	2	1	1	2	0	1	0	-126.1875
30	2	1	1	2	0	2	25	-39.2083333333333
33	2	1	1	2	1	1	12.5	-150.964285714286
35	2	1	1	2	0	2	30.7692307692308	-206.377777777778
38	2	1	1	2	1	1	0	-129.3125
40	2	1	1	2	1	1	6.25	77.1333333333334
41	2	1	1	2	1	2	26.6666666666667	-140.693181818182
43	2	1	1	2	0	2	0	-113.125
44	2	1	1	2	1	2	0	-336
45	2	1	1	2	0	1	0	-88.4375
46	2	1	1	2	1	1	6.25	-260.791208791209
47	2	1	1	2	0	2	25	-63.5833333333333
48	2	1	1	2	0	2	35.7142857142857	-122.875
49	2	1	1	2	0	1	18.75	-306.875
50	2	1	1	2	0	2	8.33333333333334	-198.5
51	2	1	1	2	0	1	12.5	-357.142857142857
60	2	1	1	2	0	1	0	-254.5
61	2	1	1	2	1	1	33.3333333333333	-133.65
62	2	1	1	2	0	1	33.3333333333333	-120.15
63	2	1	1	2	1	1	0	-56.6483516483518
64	2	1	1	2	0	1	43.75	-3.88888888888891
65	2	1	1	2	1	2	-25	-245.8125
66	2	1	1	2	1	1	31.25	-157.806818181818
67	2	1	1	2	0	2	18.75	-144.884615384615
68	2	1	1	2	0	2	6.25	-95.1648351648353
70	2	1	1	2	0	2	13.3333333333333	-246.086538461539
71	2	1	1	2	0	2	18.75	18.2
72	2	1	1	2	1	2	12.5	-132.910714285714
73	2	1	1	2	0	2	37.5	59.875
74	2	1	1	2	1	2	4.76190476190477	-1.90000000000009
75	2	1	1	2	0	1	37.5	-8.77500000000009
77	2	1	1	2	1	2	7.5	-258.547619047619
78	2	1	1	2	1	2	31.25	-54.4285714285713
79	2	1	1	2	1	1	6.66666666666667	-30.0535714285713
81	2	1	1	2	0	1	0	-196.575
2	3	1	1	2	1	2	0	-154.285714285714
4	3	1	1	2	1	2	6.25	-216.2
5	3	1	1	2	1	2	20	-196.75
6	3	1	1	2	1	2	0	-216.375
7	3	1	1	2	1	2	7.14285714285714	-43.3269230769231
11	3	1	1	2	0	2	12.5	-338.392857142857
12	3	1	1	2	1	1	25	-181.541666666667
13	3	1	1	2	1	2	0	-45.3571428571429
15	3	1	1	2	0	2	15	73.6666666666667
16	3	1	1	2	1	2	6.25	-251.125
18	3	1	1	2	0	2	31.25	-168.670454545455
21	3	1	1	2	1	2	12.5	-86.6666666666667
23	3	1	1	2	0	1	16.6666666666667	78.5999999999999
24	3	1	1	2	1	2	6.25	-94.4166666666667
25	3	1	1	2	0	2	12.5	-244.285714285714
27	3	1	1	2	1	2	6.25	-156.375
29	3	1	1	2	0	1	0	-259.0625
30	3	1	1	2	0	2	25	-34.4583333333333
33	3	1	1	2	1	1	12.5	-228.839285714286
35	3	1	1	2	0	2	30.7692307692308	-136.402777777778
38	3	1	1	2	1	1	0	-36.4375
40	3	1	1	2	1	1	6.25	-167.241666666667
41	3	1	1	2	1	2	14.1666666666667	-120.961038961039
43	3	1	1	2	0	2	0	-161.75
44	3	1	1	2	1	2	0	-325.875
45	3	1	1	2	0	1	0	-149.1875
46	3	1	1	2	1	1	18.75	-287.701923076923
47	3	1	1	2	0	2	25	-130.297619047619
48	3	1	1	2	0	2	37.5	-69.375
49	3	1	1	2	0	1	18.75	-219.875
50	3	1	1	2	0	2	33.3333333333333	-319.625
51	3	1	1	2	0	1	12.5	-466.017857142857
60	3	1	1	2	0	1	0	-164.75
61	3	1	1	2	1	1	20.8333333333333	-268.257142857143
62	3	1	1	2	0	1	33.3333333333333	-244.15
63	3	1	1	2	1	1	0	-60.5769230769231
64	3	1	1	2	0	1	43.75	-228.263888888889
65	3	1	1	2	1	2	0	-373.3125
66	3	1	1	2	1	1	31.25	-232.681818181818
67	3	1	1	2	0	2	18.75	-108.759615384615
68	3	1	1	2	0	2	18.75	-325.807692307692
70	3	1	1	2	0	2	13.3333333333333	-402.961538461539
71	3	1	1	2	0	2	-6.25	-81.6666666666667
72	3	1	1	2	1	2	12.5	-263.035714285714
73	3	1	1	2	0	2	50	-103.25
74	3	1	1	2	1	2	8.33333333333334	95.1333333333332
75	3	1	1	2	0	1	37.5	54.5999999999999
77	3	1	1	2	1	2	20	-271.208333333333
78	3	1	1	2	1	2	31.25	-216.428571428571
79	3	1	1	2	1	1	-5.83333333333333	-128.357142857143
81	3	1	1	2	0	1	0	-203.825
2	4	1	1	2	1	2	12.5	-125.446428571429
4	4	1	1	2	1	2	6.25	-212.7
5	4	1	1	2	1	2	-5	-214.166666666667
6	4	1	1	2	1	2	0	-152.375
7	4	1	1	2	1	2	7.14285714285714	-162.576923076923
11	4	1	1	2	0	2	12.5	-310.892857142857
12	4	1	1	2	1	1	25	16.0833333333333
13	4	1	1	2	1	2	12.5	-19.2142857142858
15	4	1	1	2	0	2	27.5	59.0952380952381
16	4	1	1	2	1	2	6.25	-166.375
18	4	1	1	2	0	2	31.25	-280.045454545455
21	4	1	1	2	1	2	25	-167.916666666667
23	4	1	1	2	0	1	16.6666666666667	79.5999999999999
24	4	1	1	2	1	2	6.25	-263.916666666667
25	4	1	1	2	0	2	12.5	-251.160714285714
27	4	1	1	2	1	2	6.25	-212.75
29	4	1	1	2	0	1	0	-221.0625
30	4	1	1	2	0	2	25	-99.3333333333333
33	4	1	1	2	1	1	12.5	-121.339285714286
35	4	1	1	2	0	2	30.7692307692308	14.8222222222221
38	4	1	1	2	1	1	0	-243.3125
40	4	1	1	2	1	1	-6.25	-199.866666666667
41	4	1	1	2	1	2	26.6666666666667	-118.943181818182
43	4	1	1	2	0	2	0	-224.5
44	4	1	1	2	1	2	0	-346
45	4	1	1	2	0	1	0	-146.5625
46	4	1	1	2	1	1	18.75	-412.201923076923
47	4	1	1	2	0	2	25	-233.208333333333
48	4	1	1	2	0	2	37.5	-159.089285714286
49	4	1	1	2	0	1	18.75	-228.125
50	4	1	1	2	0	2	33.3333333333333	-164
51	4	1	1	2	0	1	12.5	-385.642857142857
60	4	1	1	2	0	1	0	-204.875
61	4	1	1	2	1	1	33.3333333333333	-283.775
62	4	1	1	2	0	1	33.3333333333333	-75.7750000000001
63	4	1	1	2	1	1	0	-207.576923076923
64	4	1	1	2	0	1	31.25	-392.460317460318
65	4	1	1	2	1	2	-12.5	-321.883928571429
66	4	1	1	2	1	1	18.75	-397.753246753247
67	4	1	1	2	0	2	18.75	-148.509615384615
68	4	1	1	2	0	2	18.75	-329.682692307692
70	4	1	1	2	0	2	13.3333333333333	-381.211538461539
71	4	1	1	2	0	2	6.25	-202.5
72	4	1	1	2	1	2	12.5	-255.785714285714
73	4	1	1	2	0	2	37.5	-90.9821428571429
74	4	1	1	2	1	2	8.33333333333334	-56.7
75	4	1	1	2	0	1	37.5	-245.65
77	4	1	1	2	1	2	-17.5	-386.433333333333
78	4	1	1	2	1	2	18.75	-288.833333333333
79	4	1	1	2	1	1	6.66666666666667	-110.678571428571
81	4	1	1	2	0	1	0	-186.575
2	1	2	1	1	1	2	12.5	-71.2678571428571
4	1	2	1	1	1	2	0	43.75
5	1	2	1	1	1	2	12.5	-61.1964285714287
6	1	2	1	1	1	2	12.5	7.33928571428578
7	1	2	1	1	1	2	-16.6666666666667	185.433333333333
11	1	2	1	1	0	2	0	-19.2857142857142
12	1	2	1	1	1	1	0	-7.25
13	1	2	1	1	1	2	0	81.6666666666665
15	1	2	1	1	0	2	16.0714285714286	307.885714285714
16	1	2	1	1	1	2	25	-211.541666666667
18	1	2	1	1	0	2	12.5	2.33333333333326
21	1	2	1	1	1	2	12.5	-150.767857142857
23	1	2	1	1	0	1	-7.14285714285715	16.6666666666667
24	1	2	1	1	1	2	12.5	-62.8571428571429
25	1	2	1	1	0	2	-12.5	2.97619047619037
27	1	2	1	1	1	2	0	-64.8571428571427
29	1	2	1	1	0	1	0	-3.625
30	1	2	1	1	0	2	0	-92.5714285714287
33	1	2	1	1	1	1	0	-69.75
35	1	2	1	1	0	2	-26.6666666666667	-289.25
38	1	2	1	1	1	1	14.2857142857143	35.5833333333333
40	1	2	1	1	1	1	-12.5	15.1428571428573
41	1	2	1	1	1	2	23.8095238095238	-291.25
43	1	2	1	1	0	2	-12.5	25.547619047619
44	1	2	1	1	1	2	-12.5	32.6428571428571
45	1	2	1	1	0	1	0	44.625
46	1	2	1	1	1	1	25	-136.625
47	1	2	1	1	0	2	12.5	-275.875
48	1	2	1	1	0	2	25	-68.7619047619046
49	1	2	1	1	0	1	0	15.625
50	1	2	1	1	0	2	-17.8571428571429	128.083333333333
51	1	2	1	1	0	1	12.5	-18.9333333333332
60	1	2	1	1	0	1	-12.5	-104.125
61	1	2	1	1	1	1	-19.0476190476191	-130.083333333333
62	1	2	1	1	0	1	12.5	-152.4
63	1	2	1	1	1	1	16.6666666666667	-24
64	1	2	1	1	0	1	25	48.2666666666667
65	1	2	1	1	1	2	12.5	-140.690476190476
66	1	2	1	1	1	1	0	-270.625
67	1	2	1	1	0	2	4.16666666666666	141
68	1	2	1	1	0	2	32.1428571428571	335.166666666667
70	1	2	1	1	0	2	-10.7142857142857	183.5
71	1	2	1	1	0	2	-25	-259.333333333333
72	1	2	1	1	1	2	12.5	-9.71428571428567
73	1	2	1	1	0	2	25	-6.71428571428567
74	1	2	1	1	1	2	7.14285714285714	-46.75
75	1	2	1	1	0	1	28.5714285714286	-25.75
77	1	2	1	1	1	2	5.35714285714286	171.6
78	1	2	1	1	1	2	-12.5	-72.1904761904761
79	1	2	1	1	1	1	-12.5	-104.571428571428
81	1	2	1	1	0	1	2.38095238095237	68.1333333333332
2	2	2	1	1	1	2	12.5	-208.517857142857
4	2	2	1	1	1	2	0	-170.125
5	2	2	1	1	1	2	12.5	2.05357142857133
6	2	2	1	1	1	2	12.5	-45.0357142857142
7	2	2	1	1	1	2	-14.2857142857143	-5
11	2	2	1	1	0	2	12.5	-90.6071428571429
12	2	2	1	1	1	1	-12.5	-72.2142857142858
13	2	2	1	1	1	2	-12.5	110.033333333333
15	2	2	1	1	0	2	16.0714285714286	69.8857142857141
16	2	2	1	1	1	2	25	-334.166666666667
18	2	2	1	1	0	2	0	106.8
21	2	2	1	1	1	2	12.5	-141.642857142857
23	2	2	1	1	0	1	-12.5	-134.666666666667
24	2	2	1	1	1	2	12.5	-111.482142857143
25	2	2	1	1	0	2	-12.5	-125.190476190476
27	2	2	1	1	1	2	12.5	-50.3035714285713
29	2	2	1	1	0	1	0	-118
30	2	2	1	1	0	2	12.5	-197.75
33	2	2	1	1	1	1	-12.5	-61.0357142857142
35	2	2	1	1	0	2	33.3333333333333	-63.5
38	2	2	1	1	1	1	1.78571428571429	-71.452380952381
40	2	2	1	1	1	1	0	-9.92857142857133
41	2	2	1	1	1	2	38.0952380952381	-113.6
43	2	2	1	1	0	2	0	165.571428571429
44	2	2	1	1	1	2	0	-57.375
45	2	2	1	1	0	1	0	-190.071428571429
46	2	2	1	1	1	1	25	-340.25
47	2	2	1	1	0	2	0	-281.285714285714
48	2	2	1	1	0	2	25	-27.6190476190475
49	2	2	1	1	0	1	-12.5	101.535714285714
50	2	2	1	1	0	2	-17.8571428571429	-69.9166666666667
51	2	2	1	1	0	1	12.5	-2.26666666666665
60	2	2	1	1	0	1	0	16.875
61	2	2	1	1	1	1	-14.2857142857143	-187.033333333333
62	2	2	1	1	0	1	25	-202.828571428571
63	2	2	1	1	1	1	-8.33333333333334	-28.4000000000001
64	2	2	1	1	0	1	5.35714285714285	58.3333333333335
65	2	2	1	1	1	2	12.5	-72.9761904761904
66	2	2	1	1	1	1	0	-203.75
67	2	2	1	1	0	2	0	-103.4
68	2	2	1	1	0	2	7.14285714285715	105.416666666667
70	2	2	1	1	0	2	-10.7142857142857	189.5
71	2	2	1	1	0	2	-37.5	-254
72	2	2	1	1	1	2	0	-114
73	2	2	1	1	0	2	25	84.1428571428571
74	2	2	1	1	1	2	12.5	-182.95
75	2	2	1	1	0	1	28.5714285714286	104.25
77	2	2	1	1	1	2	-19.6428571428571	-37.3333333333333
78	2	2	1	1	1	2	-12.5	-21.3571428571429
79	2	2	1	1	1	1	0	-47.3928571428571
81	2	2	1	1	0	1	0	197.6
2	3	2	1	1	1	2	12.5	-126.392857142857
4	3	2	1	1	1	2	0	-161.5
5	3	2	1	1	1	2	12.5	-101.821428571429
6	3	2	1	1	1	2	12.5	-116.285714285714
7	3	2	1	1	1	2	0	20.8333333333333
11	3	2	1	1	0	2	12.5	-173.482142857143
12	3	2	1	1	1	1	-12.5	-164.357142857143
13	3	2	1	1	1	2	0	149.5
15	3	2	1	1	0	2	28.5714285714286	73.4749999999999
16	3	2	1	1	1	2	25	-308.041666666667
18	3	2	1	1	0	2	-12.5	44.75
21	3	2	1	1	1	2	-12.5	-73.3095238095239
23	3	2	1	1	0	1	-12.5	-65.3333333333333
24	3	2	1	1	1	2	12.5	-152.482142857143
25	3	2	1	1	0	2	-25	-212.257142857143
27	3	2	1	1	1	2	0	-27.1428571428571
29	3	2	1	1	0	1	0	-235.125
30	3	2	1	1	0	2	12.5	-224.625
33	3	2	1	1	1	1	0	-77
35	3	2	1	1	0	2	0	-291.5
38	3	2	1	1	1	1	14.2857142857143	-131.416666666667
40	3	2	1	1	1	1	0	-52.2857142857142
41	3	2	1	1	1	2	50	-169
43	3	2	1	1	0	2	0	5.42857142857133
44	3	2	1	1	1	2	0	-85.125
45	3	2	1	1	0	1	0	-101.071428571429
46	3	2	1	1	1	1	12.5	-312.357142857143
47	3	2	1	1	0	2	12.5	-387.714285714286
48	3	2	1	1	0	2	0	-11.8333333333333
49	3	2	1	1	0	1	0	-43.375
50	3	2	1	1	0	2	-17.8571428571429	-129.666666666667
51	3	2	1	1	0	1	37.5	134.542857142857
60	3	2	1	1	0	1	0	-113.125
61	3	2	1	1	1	1	-10.7142857142857	-243.666666666667
62	3	2	1	1	0	1	25	-120.828571428571
63	3	2	1	1	1	1	-11.9047619047619	-23.8000000000002
64	3	2	1	1	0	1	33.9285714285714	-35.7333333333333
65	3	2	1	1	1	2	25	29.6666666666667
66	3	2	1	1	1	1	0	-265.75
67	3	2	1	1	0	2	16.6666666666667	-19.2857142857142
68	3	2	1	1	0	2	19.6428571428571	89.0666666666667
70	3	2	1	1	0	2	-28.5714285714286	76.25
71	3	2	1	1	0	2	-12.5	32.5
72	3	2	1	1	1	2	12.5	-11.1428571428571
73	3	2	1	1	0	2	25	-70.8571428571429
74	3	2	1	1	1	2	25	-23.75
75	3	2	1	1	0	1	9.52380952380952	-268
77	3	2	1	1	1	2	-32.1428571428571	-197.5
78	3	2	1	1	1	2	-12.5	-71.8571428571429
79	3	2	1	1	1	1	0	-99.0178571428571
81	3	2	1	1	0	1	4.16666666666666	87.5142857142857
2	4	2	1	1	1	2	0	-189.142857142857
4	4	2	1	1	1	2	0	-183.125
5	4	2	1	1	1	2	0	-119
6	4	2	1	1	1	2	12.5	-47.9107142857142
7	4	2	1	1	1	2	0	187.083333333333
11	4	2	1	1	0	2	12.5	-126.982142857143
12	4	2	1	1	1	1	0	-65
13	4	2	1	1	1	2	25	95.5833333333333
15	4	2	1	1	0	2	28.5714285714286	62.5999999999999
16	4	2	1	1	1	2	25	-356.291666666667
18	4	2	1	1	0	2	12.5	79.5
21	4	2	1	1	1	2	0	-34.1428571428571
23	4	2	1	1	0	1	-12.5	-101
24	4	2	1	1	1	2	12.5	-123.857142857143
25	4	2	1	1	0	2	-12.5	59.9761904761904
27	4	2	1	1	1	2	12.5	-114.428571428571
29	4	2	1	1	0	1	0	-260.75
30	4	2	1	1	0	2	12.5	-166.25
33	4	2	1	1	1	1	0	-153.875
35	4	2	1	1	0	2	33.3333333333333	-162
38	4	2	1	1	1	1	1.78571428571429	-136.02380952381
40	4	2	1	1	1	1	0	-120.678571428571
41	4	2	1	1	1	2	52.3809523809524	-224.666666666667
43	4	2	1	1	0	2	12.5	190.464285714286
44	4	2	1	1	1	2	-25	-269.666666666667
45	4	2	1	1	0	1	0	-62.25
46	4	2	1	1	1	1	12.5	-308.642857142857
47	4	2	1	1	0	2	12.5	-308
48	4	2	1	1	0	2	25	-13.7619047619046
49	4	2	1	1	0	1	0	-41.125
50	4	2	1	1	0	2	12.5	87.047619047619
51	4	2	1	1	0	1	37.5	70.0250000000001
60	4	2	1	1	0	1	0	-211.625
61	4	2	1	1	1	1	14.2857142857143	-328.119047619047
62	4	2	1	1	0	1	25	-135.971428571429
63	4	2	1	1	1	1	-8.33333333333334	-119.4
64	4	2	1	1	0	1	37.5	-5.83333333333326
65	4	2	1	1	1	2	25	-10.2083333333333
66	4	2	1	1	1	1	0	-385.375
67	4	2	1	1	0	2	16.6666666666667	137.125
68	4	2	1	1	0	2	32.1428571428571	113
70	4	2	1	1	0	2	-10.7142857142857	189.666666666667
71	4	2	1	1	0	2	-12.5	-57.25
72	4	2	1	1	1	2	0	10.1666666666666
73	4	2	1	1	0	2	25	-61.7142857142857
74	4	2	1	1	1	2	37.5	-65.0357142857142
75	4	2	1	1	0	1	14.2857142857143	22.75
77	4	2	1	1	1	2	5.35714285714286	-42.2
78	4	2	1	1	1	2	-1.78571428571429	59.4761904761904
79	4	2	1	1	1	1	0	-166.267857142857
81	4	2	1	1	0	1	16.6666666666667	111.8
2	1	3	0	2	1	2	40	-167.305555555556
4	1	3	0	2	1	2	0	-56.375
5	1	3	0	2	1	2	6.25	247.333333333333
6	1	3	0	2	1	2	6.25	-5.70000000000005
7	1	3	0	2	1	2	0	-28.7678571428571
11	1	3	0	2	0	2	6.25	-166.683333333333
12	1	3	0	2	1	1	0	25.5625
13	1	3	0	2	1	2	0	100.8125
15	1	3	0	2	0	2	25	-174.857142857143
16	1	3	0	2	1	2	0	-377.3125
18	1	3	0	2	0	2	12.5	-261.696428571429
21	1	3	0	2	1	2	13.3333333333333	-78.9711538461538
23	1	3	0	2	0	1	-12.5	146.695238095238
24	1	3	0	2	1	2	0	-56
25	1	3	0	2	0	2	-12.5	35.7232142857143
27	1	3	0	2	1	2	-6.25	-171.857142857143
29	1	3	0	2	0	1	0	-31.25
30	1	3	0	2	0	2	12.5	-29.8571428571429
33	1	3	0	2	1	1	12.5	-174.625
35	1	3	0	2	0	2	18.1818181818182	-84.2777777777777
38	1	3	0	2	1	1	6.66666666666667	-169.714285714286
40	1	3	0	2	1	1	-12.5	-174.794642857143
41	1	3	0	2	1	2	7.14285714285714	29.2211538461538
43	1	3	0	2	0	2	6.25	-9.00833333333333
44	1	3	0	2	1	2	0	-254.5625
45	1	3	0	2	0	1	0	-217.0625
46	1	3	0	2	1	1	6.25	-203.9
47	1	3	0	2	0	2	0	-97.4375
48	1	3	0	2	0	2	12.5	231.607142857143
49	1	3	0	2	0	1	31.25	58.9318181818181
50	1	3	0	2	0	2	25	-109.942857142857
51	1	3	0	2	0	1	0	-16.4761904761904
60	1	3	0	2	0	1	0	-107.0625
61	1	3	0	2	1	1	14.2857142857143	-127.375
62	1	3	0	2	0	1	0	-0.9375
63	1	3	0	2	1	1	23.0769230769231	74.5999999999999
64	1	3	0	2	0	1	7.5	58.9166666666667
65	1	3	0	2	1	2	25	-23.4583333333334
66	1	3	0	2	1	1	0	-269.3125
67	1	3	0	2	0	2	0	-54.6964285714287
68	1	3	0	2	0	2	14.1666666666667	-292.207792207792
70	1	3	0	2	0	2	31.25	-208.329545454545
71	1	3	0	2	0	2	-1.78571428571429	128.642857142857
72	1	3	0	2	1	2	0	-78.5
73	1	3	0	2	0	2	18.75	-5.78846153846155
74	1	3	0	2	1	2	0	296.5625
75	1	3	0	2	0	1	0	49.2211538461538
77	1	3	0	2	1	2	7.14285714285714	37.6428571428571
78	1	3	0	2	1	2	6.25	27.8939393939395
79	1	3	0	2	1	1	14.2857142857143	-203.119047619047
81	1	3	0	2	0	1	0	-40.25
2	2	3	0	2	1	2	40	-242.680555555556
4	2	3	0	2	1	2	0	-223.875
5	2	3	0	2	1	2	56.25	26.1428571428571
6	2	3	0	2	1	2	6.25	-72.325
7	2	3	0	2	1	2	0	-147.053571428571
11	2	3	0	2	0	2	6.25	-162.683333333333
12	2	3	0	2	1	1	0	-43.6875
13	2	3	0	2	1	2	0	18.0625
15	2	3	0	2	0	2	12.5	-90.1666666666667
16	2	3	0	2	1	2	0	-510.4375
18	2	3	0	2	0	2	12.5	-280.446428571429
21	2	3	0	2	1	2	13.3333333333333	-147.971153846154
23	2	3	0	2	0	1	0	3.64166666666665
24	2	3	0	2	1	2	-12.5	-63.3214285714286
25	2	3	0	2	0	2	0	-5.4375
27	2	3	0	2	1	2	6.25	-219.625
29	2	3	0	2	0	1	0	34.75
30	2	3	0	2	0	2	12.5	-150.107142857143
33	2	3	0	2	1	1	12.5	-183.25
35	2	3	0	2	0	2	3.89610389610388	-200.277777777778
38	2	3	0	2	1	1	-5.83333333333333	-59.5714285714284
40	2	3	0	2	1	1	0	35.9375
41	2	3	0	2	1	2	7.14285714285714	-83.4038461538462
43	2	3	0	2	0	2	6.25	-30.5083333333333
44	2	3	0	2	1	2	0	-150.3125
45	2	3	0	2	0	1	0	-181.4375
46	2	3	0	2	1	1	-6.25	-232.971428571429
47	2	3	0	2	0	2	0	-133.0625
48	2	3	0	2	0	2	12.5	-15.3928571428571
49	2	3	0	2	0	1	6.25	-236.318181818182
50	2	3	0	2	0	2	37.5	-81.55
51	2	3	0	2	0	1	0	-119.583333333333
60	2	3	0	2	0	1	0	-178.4375
61	2	3	0	2	1	1	14.2857142857143	-34.625
62	2	3	0	2	0	1	0	-32.3125
63	2	3	0	2	1	1	23.0769230769231	242.228571428571
64	2	3	0	2	0	1	20	91.9166666666667
65	2	3	0	2	1	2	25	-139.458333333333
66	2	3	0	2	1	1	0	-224.0625
67	2	3	0	2	0	2	0	-96.6964285714287
68	2	3	0	2	0	2	26.6666666666667	-418.761363636364
70	2	3	0	2	0	2	31.25	-121.329545454545
71	2	3	0	2	0	2	-12.5	-48.0238095238095
72	2	3	0	2	1	2	0	-243.125
73	2	3	0	2	0	2	18.75	-54.2884615384615
74	2	3	0	2	1	2	0	168.0625
75	2	3	0	2	0	1	0	-253.653846153846
77	2	3	0	2	1	2	-7.14285714285715	-117.190476190476
78	2	3	0	2	1	2	18.75	-73.1298701298701
79	2	3	0	2	1	1	1.78571428571429	-142.404761904762
81	2	3	0	2	0	1	0	-218
2	3	3	0	2	1	2	40	-83.8055555555557
4	3	3	0	2	1	2	0	-372.375
5	3	3	0	2	1	2	56.25	-116.857142857143
6	3	3	0	2	1	2	6.25	-200.075
7	3	3	0	2	1	2	0	-39.75
11	3	3	0	2	0	2	6.25	-211.183333333333
12	3	3	0	2	1	1	0	-66.0625
13	3	3	0	2	1	2	0	48.9375
15	3	3	0	2	0	2	12.5	-73
16	3	3	0	2	1	2	0	-531.0625
18	3	3	0	2	0	2	12.5	-206.321428571429
21	3	3	0	2	1	2	13.3333333333333	-112.096153846154
23	3	3	0	2	0	1	0	-32.1083333333333
24	3	3	0	2	1	2	0	10.625
25	3	3	0	2	0	2	0	-164.0625
27	3	3	0	2	1	2	6.25	-339.875
29	3	3	0	2	0	1	0	-155.75
30	3	3	0	2	0	2	12.5	-239.357142857143
33	3	3	0	2	1	1	12.5	-103.75
35	3	3	0	2	0	2	18.1818181818182	112.263888888889
38	3	3	0	2	1	1	6.66666666666667	-138.017857142857
40	3	3	0	2	1	1	0	-304.8125
41	3	3	0	2	1	2	7.14285714285714	-139.278846153846
43	3	3	0	2	0	2	6.25	-71.2583333333333
44	3	3	0	2	1	2	0	-425.5625
45	3	3	0	2	0	1	0	-264.6875
46	3	3	0	2	1	1	6.25	-286.525
47	3	3	0	2	0	2	0	-238.0625
48	3	3	0	2	0	2	12.5	-51.3928571428571
49	3	3	0	2	0	1	31.25	-71.4431818181819
50	3	3	0	2	0	2	37.5	-104.425
51	3	3	0	2	0	1	-12.5	-195.190476190476
60	3	3	0	2	0	1	-12.5	-201.241071428571
61	3	3	0	2	1	1	14.2857142857143	-105.875
62	3	3	0	2	0	1	0	28.1875
63	3	3	0	2	1	1	23.0769230769231	-103.2
64	3	3	0	2	0	1	7.5	-195.797619047619
65	3	3	0	2	1	2	25	-84.4583333333334
66	3	3	0	2	1	1	0	-266.4375
67	3	3	0	2	0	2	0	-29.1964285714287
68	3	3	0	2	0	2	26.6666666666667	-327.011363636364
70	3	3	0	2	0	2	31.25	-198.704545454545
71	3	3	0	2	0	2	12.5	-89.1071428571429
72	3	3	0	2	1	2	0	-166.75
73	3	3	0	2	0	2	18.75	-182.913461538462
74	3	3	0	2	1	2	0	125.4375
75	3	3	0	2	0	1	0	-183.903846153846
77	3	3	0	2	1	2	37.5	-88
78	3	3	0	2	1	2	6.25	-123.106060606061
79	3	3	0	2	1	1	14.2857142857143	-245.083333333333
81	3	3	0	2	0	1	0	-57.5
2	4	3	0	2	1	2	40	-72.1805555555557
4	4	3	0	2	1	2	0	-310.375
5	4	3	0	2	1	2	56.25	-113.571428571429
6	4	3	0	2	1	2	6.25	-135.7
7	4	3	0	2	1	2	0	22.75
11	4	3	0	2	0	2	6.25	-208.683333333333
12	4	3	0	2	1	1	0	-158.9375
13	4	3	0	2	1	2	0	-78.4375
15	4	3	0	2	0	2	25	-172.857142857143
16	4	3	0	2	1	2	0	-428.6875
18	4	3	0	2	0	2	12.5	-282.571428571429
21	4	3	0	2	1	2	13.3333333333333	-17.2211538461538
23	4	3	0	2	0	1	0	-31.7333333333333
24	4	3	0	2	1	2	-12.5	-147.75
25	4	3	0	2	0	2	0	-123.5625
27	4	3	0	2	1	2	6.25	-310.25
29	4	3	0	2	0	1	0	-100.375
30	4	3	0	2	0	2	12.5	-290.107142857143
33	4	3	0	2	1	1	12.5	-257.125
35	4	3	0	2	0	2	18.1818181818182	-9.39682539682542
38	4	3	0	2	1	1	6.66666666666667	-142.392857142857
40	4	3	0	2	1	1	0	-53.9375
41	4	3	0	2	1	2	7.14285714285714	-174.778846153846
43	4	3	0	2	0	2	6.25	-47.7583333333333
44	4	3	0	2	1	2	0	-393.8125
45	4	3	0	2	0	1	0	-238.1875
46	4	3	0	2	1	1	6.25	-288.775
47	4	3	0	2	0	2	0	-204.6875
48	4	3	0	2	0	2	12.5	77.3571428571429
49	4	3	0	2	0	1	31.25	-134.568181818182
50	4	3	0	2	0	2	25	-146.371428571429
51	4	3	0	2	0	1	0	-195.083333333333
60	4	3	0	2	0	1	0	-246.5625
61	4	3	0	2	1	1	14.2857142857143	-128
62	4	3	0	2	0	1	0	-51.8125
63	4	3	0	2	1	1	23.0769230769231	-22.95
64	4	3	0	2	0	1	7.5	-260.654761904762
65	4	3	0	2	1	2	25	-44.2083333333334
66	4	3	0	2	1	1	0	-263.4375
67	4	3	0	2	0	2	0	-134.071428571429
68	4	3	0	2	0	2	14.1666666666667	-410.779220779221
70	4	3	0	2	0	2	31.25	-174.704545454545
71	4	3	0	2	0	2	12.5	-49.2321428571429
72	4	3	0	2	1	2	0	-170.5
73	4	3	0	2	0	2	18.75	-158.288461538462
74	4	3	0	2	1	2	0	-47.9375
75	4	3	0	2	0	1	-12.5	-202.725274725275
77	4	3	0	2	1	2	50	-214.857142857143
78	4	3	0	2	1	2	6.25	-186.272727272727
79	4	3	0	2	1	1	14.2857142857143	-281.208333333333
81	4	3	0	2	0	1	0	-176
2	1	4	0	1	1	2	10.7142857142857	-128.333333333333
4	1	4	0	1	1	2	-12.5	-11.0238095238096
5	1	4	0	1	1	2	35.7142857142857	-4.25
6	1	4	0	1	1	2	0	74
7	1	4	0	1	1	2	0	167.625
11	1	4	0	1	0	2	0	-58.125
12	1	4	0	1	1	1	0	-25.75
13	1	4	0	1	1	2	0	13.5
15	1	4	0	1	0	2	25	-223.916666666667
16	1	4	0	1	1	2	25	3.65714285714284
18	1	4	0	1	0	2	0	-297.25
21	1	4	0	1	1	2	-12.5	-157.803571428571
23	1	4	0	1	0	1	12.5	-26.3035714285713
24	1	4	0	1	1	2	0	-70.5
25	1	4	0	1	0	2	0	7.625
27	1	4	0	1	1	2	0	-30.3333333333334
29	1	4	0	1	0	1	-12.5	87.7142857142856
30	1	4	0	1	0	2	12.5	-50.7857142857142
33	1	4	0	1	1	1	-12.5	-43.3392857142858
35	1	4	0	1	0	2	-25	-85.4
38	1	4	0	1	1	1	16.6666666666667	38.8285714285714
40	1	4	0	1	1	1	0	-133
41	1	4	0	1	1	2	14.2857142857143	6.91666666666674
43	1	4	0	1	0	2	12.5	-115.482142857143
44	1	4	0	1	1	2	25	-15.75
45	1	4	0	1	0	1	-12.5	-161.678571428571
46	1	4	0	1	1	1	12.5	-136.446428571429
47	1	4	0	1	0	2	12.5	-167.821428571429
48	1	4	0	1	0	2	0	-69.125
49	1	4	0	1	0	1	0	-336.625
50	1	4	0	1	0	2	0	-35
51	1	4	0	1	0	1	0	18.7142857142858
60	1	4	0	1	0	1	0	-98.125
61	1	4	0	1	1	1	12.5	-49.3571428571429
62	1	4	0	1	0	1	12.5	59.1607142857142
63	1	4	0	1	1	1	14.2857142857143	-88.4047619047619
64	1	4	0	1	0	1	23.2142857142857	147.6
65	1	4	0	1	1	2	0	-110.75
66	1	4	0	1	1	1	-12.5	-184.285714285714
67	1	4	0	1	0	2	0	-108.5
68	1	4	0	1	0	2	12.5	-6.98214285714289
70	1	4	0	1	0	2	0	-47.75
71	1	4	0	1	0	2	12.5	-127.178571428571
72	1	4	0	1	1	2	0	-55.2
73	1	4	0	1	0	2	0	130.875
74	1	4	0	1	1	2	-12.5	-4.90476190476193
75	1	4	0	1	0	1	12.5	-142.714285714286
77	1	4	0	1	1	2	-5.35714285714286	-172.2
78	1	4	0	1	1	2	-25	-101.083333333333
79	1	4	0	1	1	1	27.5	-175.380952380953
81	1	4	0	1	0	1	-12.5	190.464285714286
2	2	4	0	1	1	2	25	-153.958333333333
4	2	4	0	1	1	2	0	-56.8571428571429
5	2	4	0	1	1	2	35.7142857142857	47.5
6	2	4	0	1	1	2	-25	5.08333333333326
7	2	4	0	1	1	2	0	-30.875
11	2	4	0	1	0	2	-12.5	110
12	2	4	0	1	1	1	0	-11.5
13	2	4	0	1	1	2	0	120.875
15	2	4	0	1	0	2	25	-79.9166666666667
16	2	4	0	1	1	2	25	-25.7714285714287
18	2	4	0	1	0	2	0	-195.875
21	2	4	0	1	1	2	0	-86.2321428571429
23	2	4	0	1	0	1	12.5	17.9464285714287
24	2	4	0	1	1	2	0	-97.5
25	2	4	0	1	0	2	0	-106.25
27	2	4	0	1	1	2	12.5	53.8809523809523
29	2	4	0	1	0	1	0	97.3035714285713
30	2	4	0	1	0	2	12.5	-69.4107142857142
33	2	4	0	1	1	1	0	-44.5
35	2	4	0	1	0	2	0	64.35
38	2	4	0	1	1	1	16.6666666666667	-65.2666666666667
40	2	4	0	1	1	1	0	-134.464285714286
41	2	4	0	1	1	2	14.2857142857143	-93.8333333333333
43	2	4	0	1	0	2	12.5	-1.60714285714289
44	2	4	0	1	1	2	25	22.25
45	2	4	0	1	0	1	0	-162.375
46	2	4	0	1	1	1	12.5	-205.446428571429
47	2	4	0	1	0	2	12.5	-332.321428571429
48	2	4	0	1	0	2	0	-62.125
49	2	4	0	1	0	1	0	-403.875
50	2	4	0	1	0	2	-12.5	-97.3
51	2	4	0	1	0	1	-16.0714285714286	-104.485714285714
60	2	4	0	1	0	1	0	-61.75
61	2	4	0	1	1	1	0	-134
62	2	4	0	1	0	1	12.5	43.0357142857142
63	2	4	0	1	1	1	0	-48.1666666666665
64	2	4	0	1	0	1	25	119.314285714286
65	2	4	0	1	1	2	0	-333.375
66	2	4	0	1	1	1	-12.5	-245
67	2	4	0	1	0	2	0	-84.75
68	2	4	0	1	0	2	12.5	-130.857142857143
70	2	4	0	1	0	2	0	13.375
71	2	4	0	1	0	2	12.5	-132.678571428571
72	2	4	0	1	1	2	0	-12.6
73	2	4	0	1	0	2	0	67.125
74	2	4	0	1	1	2	12.5	149.303571428571
75	2	4	0	1	0	1	0	-169.857142857143
77	2	4	0	1	1	2	-12.5	-168.45
78	2	4	0	1	1	2	12.5	-53.6904761904763
79	2	4	0	1	1	1	40	-104.166666666667
81	2	4	0	1	0	1	0	124.75
2	3	4	0	1	1	2	25	-129.083333333333
4	3	4	0	1	1	2	12.5	-173.732142857143
5	3	4	0	1	1	2	48.2142857142857	-313.4
6	3	4	0	1	1	2	0	-14.25
7	3	4	0	1	1	2	0	49.625
11	3	4	0	1	0	2	0	151
12	3	4	0	1	1	1	0	-46.5
13	3	4	0	1	1	2	0	11.625
15	3	4	0	1	0	2	12.5	-315.75
16	3	4	0	1	1	2	12.5	-194.033333333333
18	3	4	0	1	0	2	0	-184
21	3	4	0	1	1	2	-12.5	-43.5178571428571
23	3	4	0	1	0	1	0	-94.2857142857142
24	3	4	0	1	1	2	0	-113.125
25	3	4	0	1	0	2	0	-153.625
27	3	4	0	1	1	2	12.5	-20.547619047619
29	3	4	0	1	0	1	0	-39.4464285714287
30	3	4	0	1	0	2	12.5	-84.6607142857142
33	3	4	0	1	1	1	0	-112.75
35	3	4	0	1	0	2	-25	-171.066666666667
38	3	4	0	1	1	1	2.38095238095237	19.5666666666668
40	3	4	0	1	1	1	-12.5	-230.607142857143
41	3	4	0	1	1	2	14.2857142857143	-4.95833333333326
43	3	4	0	1	0	2	12.5	-48.4821428571429
44	3	4	0	1	1	2	0	-212.666666666667
45	3	4	0	1	0	1	-12.5	-201.107142857143
46	3	4	0	1	1	1	12.5	-221.821428571429
47	3	4	0	1	0	2	0	-154.285714285714
48	3	4	0	1	0	2	0	-18.125
49	3	4	0	1	0	1	0	-356.625
50	3	4	0	1	0	2	-25	72.8666666666668
51	3	4	0	1	0	1	12.5	-73.7857142857142
60	3	4	0	1	0	1	-12.5	-76.5714285714287
61	3	4	0	1	1	1	12.5	16.3928571428571
62	3	4	0	1	0	1	12.5	-84.9642857142858
63	3	4	0	1	1	1	14.2857142857143	222.041666666667
64	3	4	0	1	0	1	25	-132.971428571429
65	3	4	0	1	1	2	0	-330.25
66	3	4	0	1	1	1	-25	-257.833333333333
67	3	4	0	1	0	2	0	-151.625
68	3	4	0	1	0	2	12.5	-223.607142857143
70	3	4	0	1	0	2	0	-131
71	3	4	0	1	0	2	12.5	28.8214285714287
72	3	4	0	1	1	2	3.57142857142857	96.4666666666666
73	3	4	0	1	0	2	0	57.75
74	3	4	0	1	1	2	12.5	4.17857142857133
75	3	4	0	1	0	1	-12.5	-171.904761904762
77	3	4	0	1	1	2	37.5	-33.4857142857143
78	3	4	0	1	1	2	12.5	16.452380952381
79	3	4	0	1	1	1	40	-270.416666666667
81	3	4	0	1	0	1	0	69.4642857142858
2	4	4	0	1	1	2	25	-108.083333333333
4	4	4	0	1	1	2	12.5	-230.732142857143
5	4	4	0	1	1	2	60.7142857142857	-35.6666666666667
6	4	4	0	1	1	2	0	134.25
7	4	4	0	1	1	2	0	57.5
11	4	4	0	1	0	2	0	-7.625
12	4	4	0	1	1	1	0	-51.875
13	4	4	0	1	1	2	0	74.125
15	4	4	0	1	0	2	25	-293.25
16	4	4	0	1	1	2	25	-22.9142857142858
18	4	4	0	1	0	2	-25	-348.791666666667
21	4	4	0	1	1	2	-12.5	-110.232142857143
23	4	4	0	1	0	1	12.5	-154.053571428571
24	4	4	0	1	1	2	0	-220.5
25	4	4	0	1	0	2	0	-153.25
27	4	4	0	1	1	2	25	184.666666666667
29	4	4	0	1	0	1	0	-74.9464285714287
30	4	4	0	1	0	2	12.5	-208.285714285714
33	4	4	0	1	1	1	-12.5	-167.625
35	4	4	0	1	0	2	0	75.1999999999999
38	4	4	0	1	1	1	16.6666666666667	139.542857142857
40	4	4	0	1	1	1	0	-11.75
41	4	4	0	1	1	2	1.78571428571429	-85.547619047619
43	4	4	0	1	0	2	12.5	-65.1071428571429
44	4	4	0	1	1	2	25	-59.25
45	4	4	0	1	0	1	0	-37
46	4	4	0	1	1	1	12.5	-218.946428571429
47	4	4	0	1	0	2	0	-145.428571428572
48	4	4	0	1	0	2	0	-71.75
49	4	4	0	1	0	1	0	-381.25
50	4	4	0	1	0	2	0	145
51	4	4	0	1	0	1	12.5	72.5892857142858
60	4	4	0	1	0	1	0	61.625
61	4	4	0	1	1	1	12.5	-162.607142857143
62	4	4	0	1	0	1	12.5	-65.3392857142858
63	4	4	0	1	1	1	14.2857142857143	-167.404761904762
64	4	4	0	1	0	1	25	-94.1142857142859
65	4	4	0	1	1	2	0	-100
66	4	4	0	1	1	1	0	-210.625
67	4	4	0	1	0	2	0	-118.875
68	4	4	0	1	0	2	12.5	-230.107142857143
70	4	4	0	1	0	2	0	-17
71	4	4	0	1	0	2	0	25.1428571428573
72	4	4	0	1	1	2	16.0714285714286	119.085714285714
73	4	4	0	1	0	2	0	23
74	4	4	0	1	1	2	12.5	-91.6964285714287
75	4	4	0	1	0	1	12.5	-286.142857142857
77	4	4	0	1	1	2	23.2142857142857	-263.533333333333
78	4	4	0	1	1	2	0	-50.8333333333334
79	4	4	0	1	1	1	40	-189.916666666667
81	4	4	0	1	0	1	0	53.125
